v2_code/spherex_phangs_targets.ecsv
# %ECSV 1.0
# ---
# datatype:
# - {name: gal, datatype: string}
# - {name: ra, unit: deg, datatype: float64}
# - {name: dec, unit: deg, datatype: float64}
# - {name: fov, unit: arcmin, datatype: float64}
# - {name: mask_rad, unit: arcmin, datatype: float64}
# - {name: mask_pa, unit: deg, datatype: float64}
# - {name: mask_incl, unit: deg, datatype: float64}
# - {name: vrad, unit: km / s, datatype: float64}
# - {name: vwidth, unit: km / s, datatype: float64}
# delimiter: ','
# schema: astropy-2.0
gal,ra,dec,fov,mask_rad,mask_pa,mask_incl,vrad,vwidth
m31,10.684684,41.268978,177.82793998718262,133.37095499038696,0.0,0.0,-290.0,488.760009765625
ngc0247,11.785718,-20.76045,19.67885971069336,14.75914478302002,0.0,0.0,155.4,164.3000030517578
ngc0253,11.887966,-25.288443,26.791681051254272,20.093760788440704,0.0,0.0,242.6,379.739990234375
ngc0278,13.017917,47.550529,2.355049028992653,1.7662867717444897,0.0,0.0,639.0,113.18000030517578
ngc0300,13.723024,-37.684475,19.408863186836243,14.556647390127182,0.0,0.0,164.6,133.94000244140625
m33,23.46212,30.659925,62.08690166473389,46.565176248550415,0.0,0.0,-182.3,164.10000610351562
ngc0628,24.173855,15.783643,9.885530769824982,7.414148077368736,0.0,0.0,654.6,43.52000045776367
ngc0685,26.928452,-52.761978,3.013005629181862,2.2597542218863964,0.0,0.0,1359.2,147.39999389648438
ngc0891,35.639511,42.347633,13.031668066978455,9.773751050233841,0.0,0.0,527.7,424.17999267578125
ngc1068,40.669731,-0.013278,6.109420359134674,4.5820652693510056,0.0,0.0,1141.2,232.33999633789062
ngc1097,41.578957,-30.274675,10.56817352771759,7.926130145788193,0.0,0.0,1272.3,360.1000061035156
ngc1087,41.604919,-0.498717,2.971666306257248,2.228749729692936,0.0,0.0,1512.9,195.1999969482422
ngc1291,49.327477,-41.107994,11.168634295463562,8.376475721597672,0.0,0.0,837.0,41.52000045776367
ngc1313,49.565521,-66.497871,11.066235601902008,8.299676701426506,0.0,0.0,465.6,146.6999969482422
ngc1300,49.920815,-19.411114,5.942922234535217,4.457191675901413,0.0,0.0,1561.0,253.55999755859375
ngc1317,50.68454,-37.10379,3.069021999835968,2.301766499876976,0.0,0.0,1947.1,400.0
ngc1326,50.984917,-36.464535,4.285485148429871,3.214113861322403,0.0,0.0,1360.3,220.1999969482422
ic1954,52.879707,-51.904861,2.9922643303871155,2.2441982477903366,0.0,0.0,1055.4,202.60000610351562
ngc1365,53.40152,-36.140404,12.022642493247986,9.01698186993599,0.0,0.0,1630.3,352.239990234375
ngc1385,54.369015,-24.501162,3.40408131480217,2.5530609861016273,0.0,0.0,1493.6,162.6999969482422
ngc1433,55.506195,-47.221943,6.194411069154739,4.6458083018660545,0.0,0.0,1074.3,157.97999572753906
ic0342,56.702126,68.096092,19.76969540119171,14.827271550893784,0.0,0.0,25.0,145.94000244140625
ic1993,56.769936,-33.709671,2.8119007498025894,2.108925562351942,0.0,0.0,1077.7,69.72000122070312
ngc1511,59.902458,-67.633926,3.6982814222574234,2.7737110666930676,0.0,0.0,1345.9,255.4199981689453
ngc1512,60.975574,-43.348724,8.433347940444946,6.32501095533371,0.0,0.0,889.2,220.10000610351562
ngc1546,63.651218,-56.060898,3.7068072706460953,2.7801054529845715,0.0,0.0,1260.7,260.3999938964844
ngc1559,64.402382,-62.783409,4.187935888767242,3.140951916575432,0.0,0.0,1291.2,232.32000732421875
ngc1566,65.001587,-54.938011,7.227697670459747,5.4207732528448105,0.0,0.0,1500.4,183.0
ngc1637,70.367409,-2.857962,3.1768738478422165,2.3826553858816624,0.0,0.0,715.6,158.22000122070312
ngc1672,71.42704,-59.247257,6.151769310235977,4.613826982676983,0.0,0.0,1335.2,201.3000030517578
ngc1809,75.52066,-69.56794,3.7411055713891983,2.8058291785418987,0.0,0.0,1305.6,223.5399932861328
ngc1792,76.309692,-37.98056,5.559043139219284,4.169282354414463,0.0,0.0,1195.3,274.1600036621094
ngc1808,76.92638397216797,-37.51292037963867,5.420008599758148,4.065006449818611,0.0,0.0,999.0,245.77999877929688
ngc2090,86.757874,-34.250599,4.487453252077103,3.365589939057827,0.0,0.0,918.1,248.1999969482422
ngc2283,101.469971,-18.2108,2.7605775743722916,2.0704331807792187,0.0,0.0,841.2,159.47999572753906
ngc2403,114.214241,65.602417,19.952622056007385,14.964466542005539,0.0,0.0,140.9,210.97999572753906
ngc2566,124.690033,-25.499519,4.255983978509903,3.191987983882427,0.0,0.0,1626.9,171.5800018310547
ngc2683,133.172928,33.422501,9.484184682369232,7.113138511776924,0.0,0.0,420.7,401.94000244140625
ngc2775,137.583954,7.038066,4.246195703744888,3.1846467778086662,0.0,0.0,1349.8,381.0
ngc2835,139.470444,-22.354679,6.412096470594406,4.809072352945805,0.0,0.0,881.7,171.8000030517578
ngc2903,143.042114,21.500841,11.939878463745117,8.954908847808838,0.0,0.0,553.2,348.17999267578125
ngc2997,146.411636,-31.19109,10.256517827510834,7.692388370633125,0.0,0.0,1090.5,234.83999633789062
ngc3059,147.533997,-73.922195,3.7931500375270844,2.8448625281453133,0.0,0.0,1248.8,118.05999755859375
ngc3031,148.888168,69.065277,21.627185940742493,16.22038945555687,0.0,0.0,-37.9,384.8800048828125
ngc3137,152.281158,-29.064301,5.546256601810455,4.1596924513578415,0.0,0.0,1098.7,217.27999877929688
ngc3184,154.570587,41.424343,7.39605188369751,5.547038912773132,0.0,0.0,592.2,103.22000122070312
ngc3239,156.270309,17.163702,3.6140982806682587,2.710573710501194,0.0,0.0,752.3,139.25999450683594
ngc3344,160.879791,24.922258,6.698846071958542,5.024134553968906,0.0,0.0,587.8,139.32000732421875
ngc3351,160.990646,11.70367,7.227697670459747,5.4207732528448105,0.0,0.0,778.5,245.77999877929688
ngc3368,161.690414,11.819923,8.260380327701569,6.1952852457761765,0.0,0.0,892.0,314.5400085449219
ngc3489,165.077362,13.90123,3.443499058485031,2.5826242938637733,0.0,0.0,694.3,97.45999908447266
ngc3511,165.849213,-23.086714,6.039486676454544,4.529615007340908,0.0,0.0,1104.8,271.0799865722656
ngc3507,165.855728,18.135521,2.917427346110344,2.188070509582758,0.0,0.0,970.6,124.58000183105469
ngc3521,166.452393,-0.035949,8.317636549472809,6.238227412104607,0.0,0.0,802.3,424.5
ngc3556,167.878906,55.674267,3.98107185959816,2.98580389469862,0.0,0.0,697.6,283.1000061035156
ngc3596,168.775803,14.787066,3.6391501128673553,2.7293625846505165,0.0,0.0,1188.9,100.45999908447266
ngc3599,168.862289,18.110376,2.3988327383995056,1.7991245537996292,0.0,0.0,837.1,400.0
ngc3621,169.567917,-32.812599,9.54992562532425,7.162444218993187,0.0,0.0,732.6,243.17999267578125
ngc3623,169.732956,13.092309,7.638358175754547,5.72876863181591,0.0,0.0,801.6,465.79998779296875
ngc3626,170.015884,18.356846,2.9444215446710587,2.208316158503294,0.0,0.0,1470.7,314.8399963378906
ngc3627,170.062515,12.9915,10.280165076255798,7.710123807191849,0.0,0.0,716.3,322.8399963378906
ngc3628,170.070755,13.589627,11.040785908699036,8.280589431524277,0.0,0.0,845.1,424.1000061035156
ngc4207,183.876816,9.584928,1.5031421184539795,1.1273565888404846,0.0,0.0,604.1,179.17999267578125
ngc4254,184.706802,14.416412,5.035006552934647,3.776254914700985,0.0,0.0,2384.6,206.13999938964844
ngc4258,184.739944,47.303883,16.982436776161194,12.736827582120895,0.0,0.0,454.2,395.82000732421875
ngc4293,185.303467,18.382574,6.237347424030304,4.678010568022728,0.0,0.0,921.8,216.55999755859375
ngc4298,185.386505,14.60611,2.535128965973854,1.9013467244803905,0.0,0.0,1134.3,323.9800109863281
ngc4303,185.478882,4.473744,6.886524260044098,5.164893195033073,0.0,0.0,1557.7,132.66000366210938
ngc4321,185.728867,15.822304,6.095368266105652,4.571526199579239,0.0,0.0,1568.2,226.67999267578125
ngc4424,186.798203,9.420637,3.040885403752327,2.2806640528142452,0.0,0.0,444.0,51.58000183105469
ngc4457,187.245926,3.57062,2.7925439178943634,2.0944079384207726,0.0,0.0,883.5,115.19999694824219
ngc4459,187.250183,13.97852,4.168694168329239,3.126520626246929,0.0,0.0,1185.8,400.0
ngc4476,187.496216,12.348649,1.6982437670230865,1.273682825267315,0.0,0.0,1958.6,400.0
ngc4477,187.509171,13.636418,3.6982814222574234,2.7737110666930676,0.0,0.0,1357.9,400.0
ngc4496a,187.913544,3.939608,3.372872918844223,2.5296546891331673,0.0,0.0,1719.0,140.6199951171875
ngc4535,188.584595,8.197973,8.147043585777283,6.110282689332962,0.0,0.0,1949.9,245.63999938964844
ngc4536,188.612778,2.188243,7.0794577896595,5.309593342244625,0.0,0.0,1791.9,297.8599853515625
ngc4540,188.711929,15.551724,2.1928048878908157,1.6446036659181118,0.0,0.0,1281.6,96.72000122070312
ngc4548,188.860245,14.496331,5.546256601810455,4.1596924513578415,0.0,0.0,477.9,213.05999755859375
ngc4565,189.086594,25.987522,16.749427914619446,12.562070935964584,0.0,0.0,1226.2,487.29998779296875
ngc4569,189.207596,13.162875,9.120109677314758,6.840082257986069,0.0,0.0,-230.3,351.05999755859375
ngc4571,189.234924,14.217327,3.5645118355751038,2.673383876681328,0.0,0.0,338.1,134.89999389648438
ngc4579,189.431381,11.818217,5.011872947216034,3.7589047104120255,0.0,0.0,1512.2,333.05999755859375
ngc4596,189.983078,10.176163,3.9264491200447083,2.944836840033531,0.0,0.0,1878.9,185.4199981689453
ngc4594,189.997696,-11.623011,8.45278948545456,6.3395921140909195,0.0,0.0,1087.5,702.5800170898438
ngc4631,190.532654,32.542515,14.454401135444641,10.84080085158348,0.0,0.0,615.8,276.9800109863281
ngc4654,190.985748,13.126715,4.720630645751953,3.540472984313965,0.0,0.0,1046.3,258.5
ngc4689,191.939896,13.762724,3.8194428384304047,2.8645821288228035,0.0,0.0,1608.6,163.0
ngc4694,192.062698,10.983726,1.9952622056007385,1.496446654200554,0.0,0.0,1163.2,94.54000091552734
ngc4736,192.721252,41.120304,7.744619250297546,5.80846443772316,0.0,0.0,313.5,191.24000549316406
ngc4731,192.755035,-6.392839,6.324118673801422,4.743089005351067,0.0,0.0,1481.2,191.27999877929688
ngc4781,193.599167,-10.537116,3.7068072706460953,2.7801054529845715,0.0,0.0,1246.4,192.8800048828125
ngc4826,194.181839,21.683083,10.519621074199677,7.889715805649757,0.0,0.0,402.3,273.4200134277344
ngc4941,196.054611,-5.551536,3.357376679778099,2.5180325098335743,0.0,0.0,1112.5,274.9800109863281
ngc4951,196.282135,-6.493824,3.140508458018303,2.355381343513727,0.0,0.0,1172.7,222.82000732421875
ngc4945,196.36377,-49.467907,23.334583640098572,17.50093773007393,0.0,0.0,563.9,333.9200134277344
ngc5042,198.879196,-23.983883,4.187935888767242,3.140951916575432,0.0,0.0,1384.8,200.1199951171875
ngc5055,198.955399,42.029278,11.830414831638336,8.872811123728752,0.0,0.0,507.9,356.79998779296875
ngc5068,199.728073,-21.038744,7.481694370508194,5.6112707778811455,0.0,0.0,665.6,76.91999816894531
ngc5134,201.327255,-21.134195,2.710191160440445,2.0326433703303337,0.0,0.0,1747.1,110.68000030517578
ngc5128,201.365067,-43.019112,25.58585822582245,19.189393669366837,0.0,0.0,551.9,512.7999877929688
ngc5194,202.469543,47.195152,13.708819448947906,10.28161458671093,0.0,0.0,460.8,144.0
ngc5236,204.253906,-29.865625,13.614448606967926,10.210836455225945,0.0,0.0,508.4,237.22000122070312
ngc5248,204.383362,8.885195,4.073802977800369,3.055352233350277,0.0,0.0,1154.7,242.52000427246094
ngc5457,210.802368,54.349022,23.988336324691772,17.99125224351883,0.0,0.0,236.9,151.60000610351562
eso097-013,213.291245,-65.339149,8.749837875366211,6.562378406524658,0.0,0.0,435.5,227.0399932861328
ngc5530,214.6138,-43.38826,4.83058825135231,3.6229411885142326,0.0,0.0,1183.1,219.4199981689453
ngc5643,218.169907,-44.17461,5.248074978590012,3.9360562339425087,0.0,0.0,1190.8,169.13999938964844
ngc6300,259.247803,-62.820549,5.333348661661148,4.000011496245861,0.0,0.0,1103.3,276.32000732421875
ngc6744,287.442078,-63.85754,15.667508840560913,11.750631630420685,0.0,0.0,834.0,286.0799865722656
ngc6946,308.719177,60.153515,11.402495205402374,8.55187140405178,0.0,0.0,45.8,197.1999969482422
ic5273,344.861176,-37.702839,3.0619630962610245,2.2964723221957684,0.0,0.0,1288.3,178.94000244140625
ngc7456,345.54306,-39.569412,4.111496955156326,3.0836227163672447,0.0,0.0,1195.1,212.16000366210938
ngc7496,347.447021,-43.427849,3.3496543765068054,2.512240782380104,0.0,0.0,1643.1,128.13999938964844
ic5332,353.614532,-36.101082,6.0673633217811584,4.550522491335869,0.0,0.0,703.4,88.83999633789062
ngc7743,356.088043,9.934028,2.612161561846733,1.9591211713850498,0.0,0.0,1684.1,136.3800048828125
ngc7793,359.457581,-32.591072,10.351424217224121,7.763568162918091,0.0,0.0,227.1,153.6999969482422
